Rime started with address 1.0
MAC 01:00:00:00:00:00:00:00 Contiki 2.7 started. Node id is set to 1.
CSMA ContikiMAC, channel check rate 8 Hz, radio channel 26
Starting 'Collect information between nodes'
I am sink ID: 1.0
2.0   1.0  3 0 37  -40   0  0  0  
 6.0   1.0  3 0 37  -40   0  0  0  
 1.0   2.0  3 0 37  -40   0  8  0  
 3.0   2.0  3 0 37  -40   0  0  0  
 7.0   2.0  3 0 37  -40   0  0  0  
 11.0   6.0  3 0 37  -40   0  0  0  
 7.0   6.0  3 0 37  -40   0  0  0  
 6.0   7.0  3 1 37  -40   128  8  0  
 12.0   7.0  3 0 37  -40   0  0  0  
 2.0   7.0  0 0 37  -40   128  8  0  
 8.0   7.0  0 0 37  -40   0  0  0  
 16.0   11.0  3 0 37  -40   0  0  0  
 6.0   11.0  0 0 37  -40   128  8  0  
 12.0   11.0  3 0 37  -40   0  0  0  
 17.0   16.0  3 0 37  -40   0  0  0  
 21.0   16.0  2 0 37  -40   0  0  0  
 11.0   16.0  3 0 37  -40   256  8  0  
 3.0   8.0  3 1 37  -40   256  8  0  
 9.0   8.0  0 0 37  -40   0  0  0  
 7.0   8.0  3 0 37  -40   256  8  0  
 13.0   8.0  3 0 37  -40   0  0  0  
 16.0   21.0  4 0 37  -40   384  8  0  
 22.0   21.0  3 0 37  -40   0  0  0  
 8.0   3.0  4 0 37  -40   0  0  0  
 2.0   3.0  3 0 37  -40   128  8  0  
 4.0   3.0  3 0 37  -40   0  0  0  
 23.0   22.0  3 0 37  -40   0  0  0  
 21.0   22.0  3 0 37  -40   0  0  0  
 17.0   22.0  3 0 37  -40   0  0  0  
 17.0   12.0  3 1 37  -40   0  0  0  
 7.0   12.0  2 0 37  -40   256  8  0  
 13.0   12.0  2 0 37  -40   0  0  0  
 11.0   12.0  0 0 37  -40   256  8  0  
 5.0   4.0  3 0 37  -40   0  0  0  
 3.0   4.0  3 0 37  -40   256  8  0  
 9.0   4.0  3 0 37  -40   0  0  0  
 4.0   5.0  3 0 37  -40   384  8  0  
 10.0   5.0  3 0 37  -40   0  0  0  
 18.0   17.0  4 0 37  -40   0  0  0  
 16.0   17.0  4 1 37  -40   384  8  0  
 22.0   17.0  3 1 37  -40   0  0  0  
 12.0   17.0  3 1 37  -40   384  8  0  
 24.0   23.0  4 0 37  -40   0  0  0  
 18.0   23.0  4 0 37  -40   0  0  0  
 22.0   23.0  4 0 37  -40   0  0  0  
 15.0   14.0  3 0 37  -40   0  0  0  
 19.0   14.0  3 1 37  -40   0  0  0  
 13.0   14.0  2 0 37  -40   0  0  0  
 9.0   14.0  0 0 37  -40   0  0  0  
 19.0   18.0  3 1 37  -40   0  0  0  
 23.0   18.0  0 0 37  -40   0  0  0  
 13.0   18.0  3 0 37  -40   0  0  0  
 17.0   18.0  3 0 37  -40   0  0  0  
 14.0   15.0  3 1 37  -40   0  0  0  
 10.0   15.0  2 0 37  -40   0  0  0  
 20.0   15.0  3 1 37  -40   0  0  0  
 8.0   9.0  4 0 37  -40   384  8  0  
 4.0   9.0  3 0 37  -40   384  8  0  
 10.0   9.0  3 1 37  -40   0  0  0  
 14.0   9.0  3 0 37  -40   0  0  0  
 2.0   1.0  7 0 37  -40   0  0  0  
 6.0   1.0  6 0 37  -40   0  0  0  
 1.0   2.0  3 0 37  -40   0  8  0  
 3.0   2.0  7 2 37  -40   0  0  0  
 7.0   2.0  7 1 37  -40   0  0  0  
 8.0   3.0  8 1 37  -40   0  0  0  
 2.0   3.0  7 2 37  -40   8  30  0  
 4.0   3.0  8 0 37  -40   0  0  0  
 16.0   11.0  7 2 37  -40   0  0  0  
 6.0   11.0  6 3 37  -40   8  30  0  
 12.0   11.0  7 0 37  -40   0  0  0  
 11.0   6.0  6 0 37  -40   0  0  0  
 7.0   6.0  7 1 37  -40   0  0  0  
 1.0   6.0  0 0 37  -40   0  8  0  
 24.0   19.0  4 0 37  -40   0  0  0  
 18.0   19.0  4 0 37  -40   0  0  0  
 20.0   19.0  3 0 37  -40   0  0  0  
 14.0   19.0  3 0 37  -40   0  0  0  
 12.0   13.0  3 1 37  -40   384  8  0  
 14.0   13.0  0 0 37  -40   0  0  0  
 18.0   13.0  0 0 37  -40   0  0  0  
 8.0   13.0  0 0 37  -40   384  8  0  
 15.0   20.0  3 0 37  -40   0  0  0  
 25.0   20.0  3 0 37  -40   0  0  0  
 19.0   20.0  3 1 37  -40   0  0  0  
 5.0   4.0  7 2 37  -40   0  0  0  
 3.0   4.0  7 2 37  -40   38  9  0  
 9.0   4.0  7 1 37  -40   0  0  0  
 25.0   24.0  2 0 37  -40   0  0  0  
 19.0   24.0  3 0 37  -40   0  0  0  
 23.0   24.0  3 0 37  -40   0  0  0  
 8.0   9.0  7 1 37  -40   185  13  0  
 4.0   9.0  8 1 37  -40   47  8  0  
 10.0   9.0  5 1 37  -40   0  0  0  
 14.0   9.0  7 0 37  -40   0  0  0  
 17.0   16.0  7 0 37  -40   0  0  0  
 21.0   16.0  7 2 37  -40   0  0  0  
 11.0   16.0  8 0 37  -40   38  30  0  
 16.0   21.0  8 1 37  -40   68  8  0  
 22.0   21.0  8 0 37  -40   0  0  0  
 6.0   7.0  6 2 37  -40   8  30  0  
 12.0   7.0  7 1 37  -40   0  0  0  
 2.0   7.0  6 0 37  -40   128  8  0  
 8.0   7.0  6 0 37  -40   0  0  0  
 17.0   12.0  7 3 37  -40   0  0  0  
 7.0   12.0  7 3 37  -40   38  8  0  
 13.0   12.0  7 1 37  -40   0  0  0  
 11.0   12.0  7 4 37  -40   17  8  0  
 12.0   13.0  7 2 37  -40   145  8  0  
 14.0   13.0  7 1 37  -40   0  0  0  
 18.0   13.0  7 1 37  -40   51  8  0  
 8.0   13.0  8 3 37  -40   272  8  0  
 4.0   5.0  7 0 37  -40   47  8  0  
 10.0   5.0  7 1 37  -40   0  0  0  
 23.0   22.0  7 1 37  -40   0  0  0  
 21.0   22.0  4 0 37  -40   0  0  0  
 17.0   22.0  7 0 37  -40   43  8  0  
 2.0   1.0  11 2 37  -40   0  0  0  
 6.0   1.0  11 3 37  -40   0  0  0  
 19.0   18.0  7 4 37  -40   0  0  0  
 23.0   18.0  5 2 37  -40   0  0  0  
 13.0   18.0  7 1 37  -40   0  0  0  
 17.0   18.0  7 1 37  -40   36  8  0  
 15.0   10.0  7 1 37  -40   0  0  0  
 9.0   10.0  7 2 37  -40   57  8  0  
 5.0   10.0  7 2 37  -40   55  8  0  
 11.0   6.0  12 1 37  -40   0  0  0  
 7.0   6.0  11 2 37  -40   0  0  0  
 1.0   6.0  8 0 37  -40   0  8  0  
 14.0   15.0  7 1 37  -40   176  8  0  
 10.0   15.0  2 0 37  -40   0  0  0  
 20.0   15.0  7 3 37  -40   0  0  0  
 18.0   17.0  7 0 37  -40   44  8  0  
 16.0   17.0  8 2 37  -40   68  11  0  
 22.0   17.0  7 1 37  -40   0  0  0  
 12.0   17.0  7 2 37  -40   145  8  0  
 16.0   11.0  11 2 37  -40   0  0  0  
 6.0   11.0  11 7 37  -40   8  14  0  
 12.0   11.0  11 0 37  -40   0  0  0  
 24.0   23.0  8 0 37  -40   75  8  0  
 18.0   23.0  7 0 37  -40   44  8  0  
 22.0   23.0  8 2 37  -40   288  8  0  
 6.0   7.0  12 5 37  -40   8  19  0  
 12.0   7.0  11 1 37  -40   0  0  0  
 2.0   7.0  11 2 37  -40   11  8  0  
 8.0   7.0  11 1 37  -40   0  0  0  
 1.0   2.0  11 7 37  -40   0  8  0  
 3.0   2.0  11 4 37  -40   0  0  0  
 7.0   2.0  11 1 37  -40   0  0  0  
 5.0   4.0  11 3 37  -40   0  0  0  
 3.0   4.0  11 2 37  -40   16  9  0  
 9.0   4.0  11 1 37  -40   0  0  0  
 17.0   12.0  9 4 37  -40   0  0  0  
 7.0   12.0  12 5 37  -40   35  11  0  
 13.0   12.0  11 3 37  -40   0  0  0  
 11.0   12.0  12 7 37  -40   17  8  0  
 8.0   3.0  11 1 37  -40   0  0  0  
 2.0   3.0  11 2 37  -40   8  8  0  
 4.0   3.0  11 1 37  -40   0  0  0  
 12.0   13.0  11 3 37  -40   46  16  0  
 14.0   13.0  12 3 37  -40   0  0  0  
 18.0   13.0  9 1 37  -40   87  8  0  
 8.0   13.0  8 3 37  -40   272  8  0  
 24.0   25.0  4 0 37  -40   0  0  0  
 20.0   25.0  3 0 37  -40   0  0  0  
 4.0   5.0  12 2 37  -40   27  27  0  
 10.0   5.0  10 1 37  -40   0  0  0  
 15.0   14.0  5 0 37  -40   0  0  0  
 19.0   14.0  7 2 37  -40   0  0  0  
 13.0   14.0  7 4 37  -40   0  0  0  
 9.0   14.0  6 2 37  -40   168  8  0  
 3.0   8.0  7 4 37  -40   256  34  0  
 9.0   8.0  7 3 37  -40   57  8  0  
 7.0   8.0  6 1 37  -40   256  16  0  
 13.0   8.0  7 3 37  -40   0  0  0  
 25.0   24.0  7 1 37  -40   0  0  0  
 19.0   24.0  7 0 37  -40   67  8  0  
 23.0   24.0  7 2 37  -40   296  8  0  
 17.0   16.0  11 1 37  -40   0  0  0  
 21.0   16.0  11 4 37  -40   0  0  0  
 11.0   16.0  12 1 37  -40   22  30  0  
 3.0   8.0  11 5 37  -40   256  34  0  
 9.0   8.0  9 4 37  -40   66  35  0  
 7.0   8.0  11 5 37  -40   256  16  0  
 13.0   8.0  11 3 37  -40   62  8  0  
 2.0   1.0  15 2 37  -40   0  0  0  
 6.0   1.0  15 3 37  -40   0  0  0  
 1.0   2.0  15 8 37  -40   0  8  0  
 3.0   2.0  15 6 37  -40   0  0  0  
 7.0   2.0  15 1 37  -40   0  0  0  
 16.0   11.0  15 3 37  -40   0  0  0  
 6.0   11.0  14 7 37  -40   14  32  0  
 12.0   11.0  15 0 37  -40   0  0  0  
 11.0   6.0  15 1 37  -40   0  0  0  
 7.0   6.0  15 3 37  -40   0  0  0  
 1.0   6.0  15 4 37  -40   0  8  0  
 6.0   7.0  15 5 37  -40   8  14  0  
 12.0   7.0  15 2 37  -40   0  0  0  
 2.0   7.0  15 3 37  -40   8  8  0  
 8.0   7.0  16 1 37  -40   0  0  0  
 17.0   12.0  15 7 37  -40   0  0  0  
 7.0   12.0  16 5 37  -40   40  8  0  
 13.0   12.0  13 3 37  -40   0  0  0  
 11.0   12.0  16 10 37  -40   17  8  0  
 5.0   4.0  15 3 37  -40   0  0  0  
 3.0   4.0  15 4 37  -40   46  35  0  
 9.0   4.0  15 2 37  -40   0  0  0  
 8.0   3.0  15 2 37  -40   0  0  0  
 2.0   3.0  16 4 37  -40   8  11  0  
 4.0   3.0  16 3 37  -40   0  0  0  
 15.0   14.0  11 4 37  -40   74  8  0  
 19.0   14.0  11 5 37  -40   0  0  0  
 13.0   14.0  11 4 37  -40   62  8  0  
 9.0   14.0  9 4 37  -40   66  30  0  
 24.0   19.0  6 0 37  -40   0  0  0  
 18.0   19.0  6 0 37  -40   51  8  0  
 20.0   19.0  8 2 37  -40   0  0  0  
 14.0   19.0  7 1 37  -40   0  0  0  
 18.0   17.0  11 2 37  -40   114  8  0  
 16.0   17.0  11 4 37  -40   68  32  0  
 22.0   17.0  12 4 37  -40   100  8  0  
 12.0   17.0  10 2 37  -40   46  8  0  
 15.0   20.0  7 0 37  -40   304  8  0  
 25.0   20.0  7 2 37  -40   0  0  0  
 19.0   20.0  7 1 37  -40   0  0  0  
 4.0   5.0  16 2 37  -40   81  19  0  
 10.0   5.0  15 3 37  -40   0  0  0  
 8.0   9.0  11 2 37  -40   101  13  0  
 4.0   9.0  8 1 37  -40   47  8  0  
 10.0   9.0  11 4 37  -40   0  0  0  
 14.0   9.0  11 2 37  -40   0  0  0  
 8.0   9.0  16 3 37  -40   139  9  0  
 4.0   9.0  14 5 37  -40   68  30  0  
 10.0   9.0  15 5 37  -40   0  0  0  
 14.0   9.0  15 3 37  -40   0  0  0  
 17.0   16.0  14 1 37  -40   0  0  0  
 21.0   16.0  15 6 37  -40   0  0  0  
 11.0   16.0  16 3 37  -40   46  37  0  
 3.0   8.0  15 7 37  -40   256  34  0  
 9.0   8.0  15 9 37  -40   98  19  0  
 7.0   8.0  14 6 37  -40   256  16  0  
 13.0   8.0  14 3 37  -40   62  8  0  
 24.0   25.0  8 1 37  -40   75  16  0  
 20.0   25.0  8 2 37  -40   0  0  0  
 19.0   18.0  10 6 37  -40   0  0  0  
 23.0   18.0  11 5 37  -40   59  8  0  
 13.0   18.0  11 2 37  -40   0  0  0  
 17.0   18.0  9 2 37  -40   79  12  0  
 12.0   13.0  15 5 37  -40   46  13  0  
 14.0   13.0  16 5 37  -40   0  0  0  
 18.0   13.0  13 3 37  -40   114  8  0  
 8.0   13.0  16 8 37  -40   82  8  0  
 18.0   17.0  15 2 37  -40   129  8  0  
 16.0   17.0  15 4 37  -40   78  32  0  
 22.0   17.0  14 4 37  -40   95  8  0  
 12.0   17.0  15 4 37  -40   46  8  0  
 25.0   24.0  11 1 37  -40   0  0  0  
 19.0   24.0  11 1 37  -40   120  27  0  
 23.0   24.0  11 3 37  -40   92  8  0  
 24.0   19.0  12 2 37  -40   0  0  0  
 18.0   19.0  11 2 37  -40   114  18  0  
 20.0   19.0  11 3 37  -40   82  8  0  
 14.0   19.0  11 2 37  -40   96  8  0  
 15.0   20.0  11 2 37  -40   74  8  0  
 25.0   20.0  10 2 37  -40   0  0  0  
 19.0   20.0  11 2 37  -40   101  8  0  
 16.0   21.0  16 4 37  -40   83  39  0  
 22.0   21.0  14 2 37  -40   95  8  0  
 23.0   22.0  13 2 37  -40   108  8  0  
 21.0   22.0  14 7 37  -40   87  8  0  
 17.0   22.0  15 2 37  -40   100  8  0  
 25.0   24.0  15 2 37  -40   90  8  0  
 19.0   24.0  15 2 37  -40   150  19  0  
 23.0   24.0  15 3 37  -40   103  8  0  
 24.0   25.0  12 2 37  -40   130  16  0  
 20.0   25.0  11 2 37  -40   82  8  0  
 24.0   23.0  16 1 37  -40   111  8  0  
 18.0   23.0  16 0 37  -40   136  33  0  
 22.0   23.0  12 5 37  -40   100  8  0  
 2.0   1.0  18 2 37  -40   0  0  0  
 6.0   1.0  19 5 37  -40   0  0  0  
 1.0   2.0  16 8 37  -40   0  8  0  
 3.0   2.0  19 7 37  -40   0  0  0  
 7.0   2.0  19 2 37  -40   0  0  0  
 16.0   11.0  19 4 37  -40   0  0  0  
 6.0   11.0  19 10 37  -40   8  8  0  
 12.0   11.0  19 0 37  -40   0  0  0  
 11.0   6.0  19 1 37  -40   0  0  0  
 7.0   6.0  19 3 37  -40   0  0  0  
 1.0   6.0  16 4 37  -40   0  8  0  
 8.0   3.0  20 3 37  -40   0  0  0  
 2.0   3.0  19 5 37  -40   8  11  0  
 4.0   3.0  20 5 37  -40   0  0  0  
 5.0   4.0  19 5 37  -40   0  0  0  
 3.0   4.0  19 6 37  -40   19  22  0  
 9.0   4.0  19 3 37  -40   82  8  0  
 17.0   16.0  19 2 37  -40   0  0  0  
 21.0   16.0  18 6 37  -40   0  0  0  
 11.0   16.0  20 3 37  -40   16  8  0  
 18.0   17.0  19 4 37  -40   109  8  0  
 16.0   17.0  20 6 37  -40   34  16  0  
 22.0   17.0  20 7 37  -40   158  8  0  
 12.0   17.0  19 5 37  -40   46  8  0  
 23.0   22.0  19 4 37  -40   131  8  0  
 21.0   22.0  17 8 37  -40   122  30  0  
 17.0   22.0  19 2 37  -40   100  8  0  
 16.0   21.0  20 4 37  -40   24  13  0  
 22.0   21.0  20 6 37  -40   75  8  0  
 4.0   5.0  20 2 37  -40   47  14  0  
 10.0   5.0  19 3 37  -40   0  0  0  
 17.0   12.0  17 8 37  -40   0  0  0  
 7.0   12.0  18 6 37  -40   40  8  0  
 13.0   12.0  17 5 37  -40   0  0  0  
 11.0   12.0  20 13 37  -40   17  24  0  
 15.0   14.0  15 6 37  -40   152  8  0  
 19.0   14.0  14 6 37  -40   0  0  0  
 13.0   14.0  15 4 37  -40   62  8  0  
 9.0   14.0  15 8 37  -40   98  39  0  
 14.0   15.0  15 4 37  -40   137  8  0  
 10.0   15.0  14 7 37  -40   128  24  0  
 20.0   15.0  14 6 37  -40   82  8  0  
 12.0   13.0  19 6 37  -40   27  9  0  
 14.0   13.0  18 6 37  -40   0  0  0  
 18.0   13.0  19 6 37  -40   136  8  0  
 8.0   13.0  19 9 37  -40   73  8  0  
 15.0   20.0  15 3 37  -40   145  8  0  
 25.0   20.0  15 4 37  -40   0  0  0  
 19.0   20.0  15 3 37  -40   150  8  0  
 15.0   10.0  19 5 37  -40   0  0  0  
 9.0   10.0  19 5 37  -40   82  23  0  
 5.0   10.0  19 4 37  -40   87  8  0  
 6.0   7.0  19 8 37  -40   8  30  0  
 12.0   7.0  19 2 37  -40   0  0  0  
 2.0   7.0  19 5 37  -40   8  8  0  
 8.0   7.0  20 1 37  -40   35  8  0  
 15.0   14.0  19 8 37  -40   105  8  0  
 19.0   14.0  19 9 37  -40   0  0  0  
 13.0   14.0  18 5 37  -40   59  30  0  
 9.0   14.0  19 10 37  -40   82  39  0  
 15.0   20.0  19 3 37  -40   105  14  0  
 25.0   20.0  16 4 37  -40   0  0  0  
 19.0   20.0  19 4 37  -40   104  8  0  
 2.0   1.0  22 3 37  -40   0  0  0  
 6.0   1.0  23 7 37  -40   0  0  0  
 1.0   2.0  23 13 37  -40   0  8  0  
 3.0   2.0  23 7 37  -40   0  0  0  
 7.0   2.0  23 3 37  -40   0  0  0  
 8.0   3.0  24 3 37  -40   0  0  0  
 2.0   3.0  21 6 37  -40   8  8  0  
 4.0   3.0  24 7 37  -40   0  0  0  
 19.0   18.0  19 11 37  -40   104  8  0  
 23.0   18.0  18 8 37  -40   161  8  0  
 13.0   18.0  18 3 37  -40   62  8  0  
 17.0   18.0  9 2 37  -40   79  12  0  
 24.0   25.0  16 2 37  -40   111  16  0  
 20.0   25.0  16 2 37  -40   79  8  0  
 11.0   6.0  23 1 37  -40   0  0  0  
 7.0   6.0  23 3 37  -40   0  0  0  
 1.0   6.0  23 9 37  -40   0  8  0  
 5.0   4.0  23 6 37  -40   0  0  0  
 3.0   4.0  23 6 37  -40   16  13  0  
 9.0   4.0  23 3 37  -40   68  8  0  
 6.0   7.0  19 8 37  -40   8  30  0  
 12.0   7.0  22 4 37  -40   0  0  0  
 2.0   7.0  22 5 37  -40   8  8  0  
 8.0   7.0  24 2 37  -40   71  8  0  
 3.0   8.0  18 9 37  -40   256  34  0  
 9.0   8.0  23 10 37  -40   68  12  0  
 7.0   8.0  21 11 37  -40   38  33  0  
 13.0   8.0  23 9 37  -40   87  8  0  
 12.0   13.0  22 7 37  -40   27  8  0  
 14.0   13.0  22 7 37  -40   0  0  0  
 18.0   13.0  22 6 37  -40   124  8  0  
 8.0   13.0  24 12 37  -40   71  8  0  
 8.0   9.0  24 3 37  -40   71  36  0  
 4.0   9.0  24 11 37  -40   29  21  0  
 10.0   9.0  22 7 37  -40   0  0  0  
 14.0   9.0  22 5 37  -40   0  0  0  
 15.0   10.0  24 5 37  -40   0  0  0  
 9.0   10.0  23 5 37  -40   68  17  0  
 5.0   10.0  23 4 37  -40   52  8  0  
 4.0   5.0  24 3 37  -40   28  14  0  
 10.0   5.0  22 3 37  -40   0  0  0  
 14.0   15.0  23 5 37  -40   65  33  0  
 10.0   15.0  23 11 37  -40   60  24  0  
 20.0   15.0  22 11 37  -40   119  8  0  
 16.0   11.0  23 7 37  -40   0  0  0  
 6.0   11.0  23 13 37  -40   8  30  0  
 12.0   11.0  23 1 37  -40   0  0  0  
 17.0   16.0  23 2 37  -40   0  0  0  
 21.0   16.0  22 8 37  -40   0  0  0  
 11.0   16.0  24 4 37  -40   16  8  0  
 16.0   21.0  23 5 37  -40   24  9  0  
 22.0   21.0  24 6 37  -40   50  8  0  
 24.0   19.0  20 4 37  -40   169  8  0  
 18.0   19.0  19 3 37  -40   136  26  0  
 20.0   19.0  20 5 37  -40   79  8  0  
 14.0   19.0  19 3 37  -40   75  29  0  
 3.0   8.0  18 9 37  -40   256  34  0  
 9.0   8.0  19 10 37  -40   82  12  0  
 7.0   8.0  18 9 37  -40   256  16  0  
 13.0   8.0  17 5 37  -40   62  8  0  
 24.0   25.0  20 2 37  -40   123  16  0  
 20.0   25.0  20 2 37  -40   153  8  0  
 15.0   20.0  23 3 37  -40   104  11  0  
 25.0   20.0  23 9 37  -40   0  0  0  
 19.0   20.0  22 5 37  -40   96  8  0  
 18.0   17.0  23 5 37  -40   69  8  0  
 16.0   17.0  22 6 37  -40   27  11  0  
 22.0   17.0  23 7 37  -40   50  8  0  
 12.0   17.0  22 5 37  -40   41  8  0  
 2.0   1.0  27 4 37  -40   0  0  0  
 6.0   1.0  27 9 37  -40   0  0  0  
 15.0   14.0  21 9 37  -40   102  8  0  
 19.0   14.0  22 10 37  -40   0  0  0  
 13.0   14.0  23 8 37  -40   55  13  0  
 9.0   14.0  23 11 37  -40   68  39  0  
 1.0   2.0  26 14 37  -40   0  9  0  
 3.0   2.0  27 7 37  -40   0  0  0  
 7.0   2.0  27 4 37  -40   0  0  0  
 8.0   3.0  27 3 37  -40   0  0  0  
 2.0   3.0  27 10 37  -40   8  8  0  
 4.0   3.0  28 8 37  -40   0  0  0  
 5.0   4.0  27 8 37  -40   0  0  0  
 3.0   4.0  27 6 37  -40   19  9  0  
 9.0   4.0  27 4 37  -40   37  8  0  
 23.0   22.0  23 4 37  -40   114  8  0  
 21.0   22.0  23 12 37  -40   33  13  0  
 17.0   22.0  22 2 37  -40   100  8  0  
 8.0   9.0  27 4 37  -40   58  36  0  
 4.0   9.0  27 13 37  -40   24  30  0  
 10.0   9.0  28 11 37  -40   0  0  0  
 14.0   9.0  27 7 37  -40   0  0  0  
 19.0   18.0  23 13 37  -40   96  95  0  
 23.0   18.0  22 10 37  -40   131  8  0  
 13.0   18.0  23 6 37  -40   87  8  0  
 17.0   18.0  23 12 37  -40   37  32  0  
 11.0   6.0  27 1 37  -40   0  0  0  
 7.0   6.0  27 4 37  -40   0  0  0  
 1.0   6.0  26 10 37  -40   0  8  0  
 4.0   5.0  28 3 37  -40   24  14  0  
 10.0   5.0  28 5 37  -40   0  0  0  
 15.0   14.0  27 14 37  -40   84  8  0  
 19.0   14.0  24 11 37  -40   95  8  0  
 13.0   14.0  27 9 37  -40   79  37  0  
 9.0   14.0  27 11 37  -40   44  14  0  
 16.0   11.0  23 7 37  -40   0  0  0  
 6.0   11.0  27 16 37  -40   8  30  0  
 12.0   11.0  27 2 37  -40   0  0  0  
 25.0   24.0  23 6 37  -40   138  8  0  
 19.0   24.0  22 4 37  -40   96  36  0  
 23.0   24.0  23 4 37  -40   130  8  0  
 25.0   24.0  16 2 37  -40   90  8  0  
 19.0   24.0  19 3 37  -40   104  19  0  
 23.0   24.0  19 4 37  -40   131  8  0  
 25.0   24.0  27 7 37  -40   154  8  0  
 19.0   24.0  27 5 37  -40   96  26  0  
 23.0   24.0  27 4 37  -40   136  8  0  
 24.0   19.0  24 5 37  -40   138  8  0  
 18.0   19.0  22 4 37  -40   124  26  0  
 20.0   19.0  23 5 37  -40   79  8  0  
 14.0   19.0  22 3 37  -40   65  35  0  
 17.0   16.0  26 2 37  -40   0  0  0  
 21.0   16.0  27 10 37  -40   0  0  0  
 11.0   16.0  28 5 37  -40   38  35  0  
 24.0   25.0  24 2 37  -40   138  16  0  
 20.0   25.0  23 2 37  -40   153  8  0  
 17.0   12.0  23 12 37  -40   0  0  0  
 7.0   12.0  24 8 37  -40   38  30  0  
 13.0   12.0  20 7 37  -40   35  8  0  
 11.0   12.0  24 15 37  -40   38  30  0  
 15.0   10.0  27 5 37  -40   0  0  0  
 9.0   10.0  26 5 37  -40   68  17  0  
 5.0   10.0  27 7 37  -40   43  21  0  
 6.0   7.0  27 13 37  -40   11  32  0  
 12.0   7.0  27 6 37  -40   0  0  0  
 2.0   7.0  27 8 37  -40   8  8  0  
 8.0   7.0  27 3 37  -40   62  8  0  
 24.0   19.0  28 6 37  -40   122  8  0  
 18.0   19.0  27 5 37  -40   96  11  0  
 20.0   19.0  27 7 37  -40   79  8  0  
 14.0   19.0  27 4 37  -40   71  25  0  
 24.0   23.0  28 2 37  -40   128  8  0  
 18.0   23.0  27 1 37  -40   112  33  0  
 22.0   23.0  27 14 37  -40   158  9  0  
 17.0   12.0  27 14 37  -40   0  0  0  
 7.0   12.0  26 9 37  -40   29  21  0  
 13.0   12.0  27 10 37  -40   66  8  0  
 11.0   12.0  26 16 37  -40   38  47  0  
 2.0   1.0  31 5 37  -40   0  0  0  
 6.0   1.0  31 9 37  -40   0  0  0  
 1.0   2.0  29 16 37  -40   0  8  0  
 3.0   2.0  30 9 37  -40   0  0  0  
 7.0   2.0  31 5 37  -40   0  0  0  
 11.0   6.0  30 1 37  -40   0  0  0  
 7.0   6.0  31 5 37  -40   0  0  0  
 1.0   6.0  31 14 37  -40   0  8  0  
 8.0   3.0  32 4 37  -40   0  0  0  
 2.0   3.0  30 10 37  -40   8  8  0  
 4.0   3.0  32 10 37  -40   0  0  0  
 24.0   23.0  24 1 37  -40   138  8  0  
 18.0   23.0  23 0 37  -40   124  33  0  
 22.0   23.0  24 12 37  -40   158  9  0  
 19.0   18.0  26 14 37  -40   92  95  0  
 23.0   18.0  27 12 37  -40   136  8  0  
 13.0   18.0  27 7 37  -40   66  8  0  
 17.0   18.0  27 14 37  -40   110  30  0  
 3.0   8.0  26 14 37  -40   256  34  0  
 9.0   8.0  26 11 37  -40   68  12  0  
 7.0   8.0  26 14 37  -40   45  13  0  
 13.0   8.0  27 11 37  -40   66  8  0  
 16.0   21.0  28 8 37  -40   52  8  0  
 22.0   21.0  27 7 37  -40   46  8  0  
 16.0   11.0  31 14 37  -40   0  0  0  
 6.0   11.0  31 16 37  -40   8  14  0  
 12.0   11.0  31 4 37  -40   0  0  0  
 12.0   13.0  27 10 37  -40   47  30  0  
 14.0   13.0  26 9 37  -40   0  0  0  
 18.0   13.0  26 8 37  -40   69  8  0  
 8.0   13.0  26 12 37  -40   58  8  0  
 23.0   22.0  27 5 37  -40   136  8  0  
 21.0   22.0  26 13 37  -40   60  11  0  
 17.0   22.0  27 3 37  -40   110  8  0  
 14.0   15.0  27 5 37  -40   71  33  0  
 10.0   15.0  27 13 37  -40   71  16  0  
 20.0   15.0  25 12 37  -40   115  8  0  
 18.0   17.0  27 6 37  -40   140  8  0  
 16.0   17.0  27 9 37  -40   59  33  0  
 22.0   17.0  27 7 37  -40   50  8  0  
 12.0   17.0  27 8 37  -40   50  8  0  
 5.0   4.0  29 8 37  -40   0  0  0  
 3.0   4.0  30 7 37  -40   16  8  0  
 9.0   4.0  30 4 37  -40   33  8  0  
 8.0   9.0  32 6 37  -40   64  36  0  
 4.0   9.0  32 16 37  -40   25  14  0  
 10.0   9.0  31 11 37  -40   0  0  0  
 14.0   9.0  31 9 37  -40   0  0  0  
 19.0   18.0  30 15 37  -40   96  95  0  
 23.0   18.0  31 14 37  -40   136  8  0  
 13.0   18.0  30 7 37  -40   66  8  0  
 17.0   18.0  29 15 37  -40   92  18  0  
 17.0   16.0  31 3 37  -40   0  0  0  
 21.0   16.0  29 11 37  -40   0  0  0  
 11.0   16.0  32 6 37  -40   22  30  0  
 6.0   7.0  31 14 37  -40   8  35  0  
 12.0   7.0  30 6 37  -40   78  8  0  
 2.0   7.0  30 9 37  -40   8  8  0  
 8.0   7.0  32 5 37  -40   56  8  0  
 17.0   12.0  31 16 37  -40   0  0  0  
 7.0   12.0  30 12 37  -40   45  33  0  
 13.0   12.0  30 11 37  -40   66  8  0  
 11.0   12.0  32 20 37  -40   38  47  0  
 15.0   20.0  27 3 37  -40   84  9  0  
 25.0   20.0  27 12 37  -40   0  0  0  
 19.0   20.0  27 6 37  -40   96  8  0  
 4.0   5.0  32 4 37  -40   46  35  0  
 10.0   5.0  32 5 37  -40   0  0  0  
 3.0   8.0  26 14 37  -40   256  34  0  
 9.0   8.0  29 13 37  -40   44  12  0  
 7.0   8.0  31 17 37  -40   45  30  0  
 13.0   8.0  30 11 37  -40   66  8  0  
 12.0   13.0  30 11 37  -40   40  30  0  
 14.0   13.0  31 12 37  -40   58  8  0  
 18.0   13.0  32 12 37  -40   110  8  0  
 8.0   13.0  26 12 37  -40   58  8  0  
 14.0   15.0  31 6 37  -40   58  33  0  
 10.0   15.0  31 14 37  -40   68  11  0  
 20.0   15.0  29 14 37  -40   96  8  0  
 18.0   17.0  31 7 37  -40   110  8  0  
 16.0   17.0  30 10 37  -40   56  32  0  
 22.0   17.0  31 8 37  -40   96  8  0  
 12.0   17.0  31 10 37  -40   72  8  0  
 15.0   10.0  31 5 37  -40   0  0  0  
 9.0   10.0  30 6 37  -40   44  17  0  
 5.0   10.0  27 7 37  -40   43  21  0  
 16.0   21.0  32 9 37  -40   36  26  0  
 22.0   21.0  31 9 37  -40   96  8  0  
 23.0   22.0  31 5 37  -40   136  8  0  
 21.0   22.0  29 14 37  -40   103  9  0  
 17.0   22.0  31 3 37  -40   88  8  0  
 2.0   1.0  35 5 37  -40   0  0  0  
 6.0   1.0  35 10 37  -40   0  0  0  
 11.0   6.0  34 2 37  -40   0  0  0  
 7.0   6.0  33 5 37  -40   0  0  0  
 1.0   6.0  35 14 37  -40   0  8  0  
 1.0   2.0  33 18 37  -40   0  8  0  
 3.0   2.0  34 10 37  -40   0  0  0  
 7.0   2.0  35 5 37  -40   0  0  0  
 6.0   7.0  35 14 37  -40   8  19  0  
 12.0   7.0  33 7 37  -40   72  8  0  
 2.0   7.0  34 10 37  -40   8  8  0  
 8.0   7.0  36 5 37  -40   50  8  0  
 16.0   11.0  35 14 37  -40   0  0  0  
 6.0   11.0  35 16 37  -40   8  8  0  
 12.0   11.0  35 7 37  -40   0  0  0  
 8.0   3.0  36 4 37  -40   0  0  0  
 2.0   3.0  35 12 37  -40   8  8  0  
 4.0   3.0  36 12 37  -40   0  0  0  
 17.0   12.0  33 17 37  -40   0  0  0  
 7.0   12.0  34 14 37  -40   40  27  0  
 13.0   12.0  35 13 37  -40   64  8  0  
 11.0   12.0  36 22 37  -40   38  47  0  
 19.0   18.0  35 17 37  -40   121  95  0  
 23.0   18.0  34 15 37  -40   136  8  0  
 13.0   18.0  35 9 37  -40   64  8  0  
 17.0   18.0  33 18 37  -40   84  14  0  
 5.0   4.0  34 11 37  -40   0  0  0  
 3.0   4.0  35 8 37  -40   16  8  0  
 9.0   4.0  35 6 37  -40   44  8  0  
 15.0   14.0  31 14 37  -40   87  8  0  
 19.0   14.0  31 15 37  -40   67  8  0  
 13.0   14.0  30 9 37  -40   79  37  0  
 9.0   14.0  30 12 37  -40   33  11  0  
 4.0   5.0  36 4 37  -40   24  26  0  
 10.0   5.0  35 5 37  -40   0  0  0  
 17.0   16.0  33 3 37  -40   0  0  0  
 21.0   16.0  35 14 37  -40   0  0  0  
 11.0   16.0  36 7 37  -40   16  15  0  
 16.0   21.0  34 9 37  -40   52  45  0  
 22.0   21.0  36 10 37  -40   96  8  0  
 24.0   25.0  32 3 37  -40   102  13  0  
 20.0   25.0  31 2 37  -40   75  8  0  
 18.0   17.0  35 10 37  -40   110  8  0  
 16.0   17.0  35 14 37  -40   27  30  0  
 22.0   17.0  36 9 37  -40   96  8  0  
 12.0   17.0  36 11 37  -40   72  8  0  
 23.0   22.0  35 6 37  -40   136  8  0  
 21.0   22.0  34 18 37  -40   89  9  0  
 17.0   22.0  35 3 37  -40   86  14  0  
 25.0   24.0  34 9 37  -40   105  8  0  
 19.0   24.0  35 5 37  -40   121  14  0  
 23.0   24.0  34 5 37  -40   113  8  0  
 25.0   24.0  31 8 37  -40   83  8  0  
 19.0   24.0  31 5 37  -40   67  24  0  
 23.0   24.0  31 5 37  -40   136  8  0  
 15.0   10.0  35 5 37  -40   0  0  0  
 9.0   10.0  35 8 37  -40   59  33  0  
 5.0   10.0  34 12 37  -40   81  12  0  
 24.0   23.0  36 2 37  -40   121  9  0  
 18.0   23.0  35 5 37  -40   98  33  0  
 22.0   23.0  35 17 37  -40   96  9  0  
 3.0   8.0  34 19 37  -40   256  34  0  
 9.0   8.0  35 17 37  -40   39  11  0  
 7.0   8.0  32 17 37  -40   45  30  0  
 13.0   8.0  34 14 37  -40   64  8  0  
 12.0   13.0  36 15 37  -40   40  30  0  
 14.0   13.0  32 12 37  -40   58  8  0  
 18.0   13.0  33 12 37  -40   110  8  0  
 8.0   13.0  26 12 37  -40   58  8  0  
 14.0   15.0  34 6 37  -40   58  33  0  
 10.0   15.0  35 14 37  -40   92  9  0  
 20.0   15.0  35 18 37  -40   73  8  0  
 2.0   1.0  40 7 37  -40   0  0  0  
 6.0   1.0  38 10 37  -40   0  0  0  
 15.0   20.0  35 5 37  -40   101  8  0  
 25.0   20.0  33 15 37  -40   0  0  0  
 19.0   20.0  35 7 37  -40   121  30  0  
 11.0   6.0  39 3 37  -40   0  0  0  
 7.0   6.0  39 7 37  -40   0  0  0  
 1.0   6.0  39 15 37  -40   0  8  0  
 16.0   11.0  39 16 37  -40   0  0  0  
 6.0   11.0  38 17 37  -40   8  14  0  
 12.0   11.0  39 8 37  -40   0  0  0  
 24.0   25.0  36 3 37  -40   121  13  0  
 20.0   25.0  36 2 37  -40   109  14  0  
 1.0   2.0  33 18 37  -40   0  8  0  
 3.0   2.0  38 12 37  -40   0  0  0  
 7.0   2.0  38 5 37  -40   0  0  0  
 6.0   7.0  39 15 37  -40   8  11  0  
 12.0   7.0  39 9 37  -40   67  8  0  
 2.0   7.0  34 10 37  -40   8  8  0  
 8.0   7.0  39 5 37  -40   86  8  0  
 8.0   3.0  39 5 37  -40   0  0  0  
 2.0   3.0  40 13 37  -40   8  8  0  
 4.0   3.0  38 12 37  -40   0  0  0  
 17.0   12.0  39 22 37  -40   0  0  0  
 7.0   12.0  37 16 37  -40   27  19  0  
 13.0   12.0  39 13 37  -40   70  8  0  
 11.0   12.0  38 23 37  -40   38  47  0  
 5.0   4.0  39 13 37  -40   0  0  0  
 3.0   4.0  38 8 37  -40   16  8  0  
 9.0   4.0  38 6 37  -40   50  8  0  
 4.0   5.0  39 4 37  -40   46  11  0  
 10.0   5.0  39 5 37  -40   0  0  0  
 15.0   10.0  40 6 37  -40   0  0  0  
 9.0   10.0  38 8 37  -40   60  47  0  
 5.0   10.0  39 15 37  -40   38  18  0  
 17.0   16.0  39 5 37  -40   57  8  0  
 21.0   16.0  39 15 37  -40   0  0  0  
 11.0   16.0  38 7 37  -40   38  32  0  
 16.0   21.0  40 11 37  -40   31  31  0  
 22.0   21.0  40 11 37  -40   77  8  0  
 18.0   17.0  40 12 37  -40   90  8  0  
 16.0   17.0  40 16 37  -40   46  11  0  
 22.0   17.0  40 10 37  -40   74  8  0  
 12.0   17.0  39 11 37  -40   72  8  0  
 3.0   8.0  38 21 37  -40   256  34  0  
 9.0   8.0  37 18 37  -40   60  30  0  
 7.0   8.0  36 20 37  -40   45  30  0  
 13.0   8.0  39 15 37  -40   70  9  0  
 23.0   22.0  38 7 37  -40   82  8  0  
 21.0   22.0  38 19 37  -40   97  9  0  
 17.0   22.0  38 3 37  -40   60  17  0  
 25.0   24.0  37 11 37  -40   103  8  0  
 19.0   24.0  39 5 37  -40   111  14  0  
 23.0   24.0  39 6 37  -40   82  8  0  
 24.0   23.0  40 2 37  -40   90  9  0  
 18.0   23.0  40 5 37  -40   90  33  0  
 22.0   23.0  38 19 37  -40   74  8  0  
 14.0   15.0  39 7 37  -40   96  33  0  
 10.0   15.0  39 15 37  -40   62  14  0  
 20.0   15.0  38 18 37  -40   137  8  0  
 12.0   13.0  39 15 37  -40   40  30  0  
 14.0   13.0  40 15 37  -40   96  8  0  
 18.0   13.0  39 15 37  -40   90  8  0  
 8.0   13.0  38 23 37  -40   86  9  0  
 19.0   18.0  38 18 37  -40   111  95  0  
 23.0   18.0  38 18 37  -40   82  8  0  
 13.0   18.0  39 10 37  -40   70  8  0  
 17.0   18.0  33 18 37  -40   84  14  0  
 15.0   20.0  39 6 37  -40   101  9  0  
 25.0   20.0  39 17 37  -40   103  8  0  
 19.0   20.0  38 7 37  -40   111  30  0  
 24.0   25.0  40 3 37  -40   90  13  0  
 20.0   25.0  39 3 37  -40   110  14  0  
 24.0   19.0  31 7 37  -40   118  8  0  
 18.0   19.0  32 6 37  -40   110  11  0  
 20.0   19.0  30 7 37  -40   79  8  0  
 14.0   19.0  30 5 37  -40   50  17  0  
 24.0   23.0  32 2 37  -40   102  11  0  
 18.0   23.0  32 3 37  -40   110  33  0  
 22.0   23.0  31 16 37  -40   96  9  0  
 8.0   9.0  39 7 37  -40   86  36  0  
 4.0   9.0  39 18 37  -40   24  33  0  
 10.0   9.0  40 15 37  -40   0  0  0  
 14.0   9.0  40 10 37  -40   0  0  0  
 11.0   6.0  43 3 37  -40   0  0  0  
 7.0   6.0  43 8 37  -40   0  0  0  
 1.0   6.0  42 16 37  -40   0  8  0  
 2.0   1.0  43 7 37  -40   0  0  0  
 6.0   1.0  43 11 37  -40   0  0  0  
 1.0   2.0  42 26 37  -40   0  8  0  
 3.0   2.0  43 14 37  -40   0  0  0  
 7.0   2.0  43 8 37  -40   0  0  0  
 16.0   11.0  41 16 37  -40   0  0  0  
 6.0   11.0  43 19 37  -40   8  8  0  
 12.0   11.0  43 8 37  -40   0  0  0  
 17.0   16.0  43 6 37  -40   37  8  0  
 21.0   16.0  43 15 37  -40   0  0  0  
 11.0   16.0  43 8 37  -40   16  8  0  
 15.0   14.0  35 15 37  -40   65  8  0  
 19.0   14.0  35 17 37  -40   121  8  0  
 13.0   14.0  34 10 37  -40   64  37  0  
 9.0   14.0  35 15 37  -40   60  21  0  
 8.0   3.0  44 5 37  -40   0  0  0  
 2.0   3.0  43 13 37  -40   8  30  0  
 4.0   3.0  43 14 37  -40   0  0  0  
 24.0   19.0  35 8 37  -40   121  8  0  
 18.0   19.0  35 7 37  -40   98  11  0  
 20.0   19.0  36 8 37  -40   109  8  0  
 14.0   19.0  34 6 37  -40   91  30  0  
 18.0   17.0  43 12 37  -40   89  8  0  
 16.0   17.0  42 16 37  -40   51  24  0  
 22.0   17.0  42 11 37  -40   68  8  0  
 12.0   17.0  43 11 37  -40   72  8  0  
 19.0   18.0  42 20 37  -40   81  95  0  
 23.0   18.0  42 21 37  -40   107  12  0  
 13.0   18.0  43 11 37  -40   42  8  0  
 17.0   18.0  43 26 37  -40   75  32  0  
 16.0   21.0  43 11 37  -40   48  22  0  
 22.0   21.0  43 11 37  -40   101  8  0  
 15.0   14.0  37 15 37  -40   107  8  0  
 19.0   14.0  35 17 37  -40   121  8  0  
 13.0   14.0  39 11 37  -40   70  37  0  
 9.0   14.0  37 16 37  -40   60  33  0  
 6.0   7.0  43 15 37  -40   8  30  0  
 12.0   7.0  43 11 37  -40   68  8  0  
 2.0   7.0  34 10 37  -40   8  8  0  
 8.0   7.0  44 6 37  -40   59  8  0  
 5.0   4.0  42 13 37  -40   35  8  0  
 3.0   4.0  43 11 37  -40   16  16  0  
 9.0   4.0  42 7 37  -40   78  8  0  
 24.0   19.0  40 10 37  -40   90  8  0  
 18.0   19.0  40 8 37  -40   90  11  0  
 20.0   19.0  39 8 37  -40   110  8  0  
 14.0   19.0  40 8 37  -40   96  18  0  
 23.0   22.0  43 10 37  -40   102  8  0  
 21.0   22.0  43 20 37  -40   97  9  0  
 17.0   22.0  43 5 37  -40   69  32  0  
 25.0   24.0  43 14 37  -40   103  8  0  
 19.0   24.0  42 5 37  -40   101  14  0  
 23.0   24.0  43 7 37  -40   102  8  0  
 4.0   5.0  44 5 37  -40   27  8  0  
 10.0   5.0  43 6 37  -40   0  0  0  
 8.0   9.0  44 7 37  -40   59  36  0  
 4.0   9.0  44 19 37  -40   51  19  0  
 10.0   9.0  43 16 37  -40   52  8  0  
 14.0   9.0  43 11 37  -40   63  8  0  
 24.0   19.0  43 11 37  -40   110  8  0  
 18.0   19.0  42 8 37  -40   89  9  0  
 20.0   19.0  44 10 37  -40   97  8  0  
 14.0   19.0  42 8 37  -40   63  18  0  
 3.0   8.0  43 24 37  -40   16  34  0  
 9.0   8.0  43 21 37  -40   83  30  0  
 7.0   8.0  43 25 37  -40   38  21  0  
 13.0   8.0  43 16 37  -40   42  9  0  
 24.0   23.0  44 2 37  -40   110  9  0  
 18.0   23.0  43 5 37  -40   89  33  0  
 22.0   23.0  42 22 37  -40   68  14  0  
 17.0   12.0  41 23 37  -40   0  0  0  
 7.0   12.0  41 18 37  -40   16  10  0  
 13.0   12.0  43 13 37  -40   37  8  0  
 11.0   12.0  43 24 37  -40   38  47  0  
 12.0   13.0  43 15 37  -40   26  9  0  
 14.0   13.0  43 16 37  -40   63  8  0  
 18.0   13.0  43 17 37  -40   89  8  0  
 8.0   13.0  44 26 37  -40   75  9  0  
 15.0   14.0  41 18 37  -40   86  8  0  
 19.0   14.0  40 21 37  -40   101  8  0  
 13.0   14.0  43 12 37  -40   42  16  0  
 9.0   14.0  37 16 37  -40   60  33  0  
 11.0   6.0  47 3 37  -40   0  0  0  
 7.0   6.0  47 9 37  -40   0  0  0  
 1.0   6.0  46 18 37  -40   0  8  0  
 2.0   1.0  47 8 37  -40   0  0  0  
 6.0   1.0  47 12 37  -40   0  0  0  
 1.0   2.0  47 28 37  -40   0  8  0  
 3.0   2.0  47 14 37  -40   0  0  0  
 7.0   2.0  47 10 37  -40   0  0  0  
 16.0   11.0  45 19 37  -40   0  0  0  
 6.0   11.0  47 22 37  -40   8  8  0  
 12.0   11.0  47 8 37  -40   0  0  0  
 17.0   16.0  47 6 37  -40   43  8  0  
 21.0   16.0  46 15 37  -40   0  0  0  
 11.0   16.0  47 8 37  -40   16  8  0  
 6.0   7.0  43 15 37  -40   8  30  0  
 12.0   7.0  47 11 37  -40   52  8  0  
 2.0   7.0  47 22 37  -40   8  30  0  
 8.0   7.0  48 7 37  -40   48  8  0  
 16.0   21.0  48 12 37  -40   24  22  0  
 22.0   21.0  46 11 37  -40   70  8  0  
 3.0   8.0  45 25 37  -40   16  34  0  
 9.0   8.0  46 21 37  -40   83  30  0  
 7.0   8.0  45 26 37  -40   38  33  0  
 13.0   8.0  47 16 37  -40   84  8  0  
 18.0   17.0  47 13 37  -40   107  8  0  
 16.0   17.0  46 18 37  -40   24  30  0  
 22.0   17.0  47 14 37  -40   87  8  0  
 12.0   17.0  47 12 37  -40   52  8  0  
 8.0   3.0  48 5 37  -40   0  0  0  
 2.0   3.0  45 14 37  -40   8  32  0  
 4.0   3.0  48 15 37  -40   0  0  0  
 15.0   10.0  42 6 37  -40   0  0  0  
 9.0   10.0  43 10 37  -40   83  47  0  
 5.0   10.0  40 15 37  -40   57  18  0  
 14.0   15.0  43 7 37  -40   63  33  0  
 10.0   15.0  42 15 37  -40   52  9  0  
 20.0   15.0  41 19 37  -40   85  8  0  
 5.0   4.0  46 16 37  -40   81  8  0  
 3.0   4.0  47 12 37  -40   43  30  0  
 9.0   4.0  47 8 37  -40   70  8  0  
 23.0   22.0  47 11 37  -40   94  8  0  
 21.0   22.0  47 23 37  -40   97  9  0  
 17.0   22.0  47 5 37  -40   54  33  0  
 17.0   12.0  46 26 37  -40   0  0  0  
 7.0   12.0  48 23 37  -40   38  14  0  
 13.0   12.0  47 14 37  -40   84  8  0  
 11.0   12.0  47 25 37  -40   38  47  0  
 4.0   5.0  48 5 37  -40   51  19  0  
 10.0   5.0  47 7 37  -40   0  0  0  
 24.0   23.0  48 2 37  -40   91  9  0  
 18.0   23.0  48 5 37  -40   107  33  0  
 22.0   23.0  45 23 37  -40   53  30  0  
 19.0   18.0  47 21 37  -40   81  95  0  
 23.0   18.0  47 22 37  -40   94  12  0  
 13.0   18.0  47 12 37  -40   84  8  0  
 17.0   18.0  46 27 37  -40   33  26  0  
 12.0   13.0  47 16 37  -40   52  8  0  
 14.0   13.0  46 17 37  -40   69  8  0  
 18.0   13.0  44 17 37  -40   89  8  0  
 8.0   13.0  48 26 37  -40   48  8  0  
 15.0   10.0  46 7 37  -40   0  0  0  
 9.0   10.0  47 10 37  -40   83  47  0  
 5.0   10.0  47 19 37  -40   81  8  0  
 15.0   20.0  47 7 37  -40   110  8  0  
 25.0   20.0  47 21 37  -40   111  8  0  
 19.0   20.0  46 10 37  -40   81  30  0  
 14.0   15.0  47 7 37  -40   72  33  0  
 10.0   15.0  47 16 37  -40   89  14  0  
 20.0   15.0  47 22 37  -40   102  8  0  
 25.0   24.0  46 15 37  -40   103  8  0  
 19.0   24.0  47 6 37  -40   101  14  0  
 23.0   24.0  47 8 37  -40   94  8  0  
 2.0   1.0  52 8 37  -40   0  0  0  
 6.0   1.0  52 13 37  -40   0  0  0  
 1.0   2.0  51 29 37  -40   0  9  0  
 3.0   2.0  51 15 37  -40   0  0  0  
 7.0   2.0  51 11 37  -40   0  0  0  
 11.0   6.0  51 3 37  -40   0  0  0  
 7.0   6.0  51 9 37  -40   0  0  0  
 1.0   6.0  51 20 37  -40   0  8  0  
 5.0   4.0  51 17 37  -40   46  8  0  
 3.0   4.0  51 13 37  -40   22  30  0  
 9.0   4.0  51 8 37  -40   84  8  0  
 8.0   3.0  52 5 37  -40   0  0  0  
 2.0   3.0  52 17 37  -40   8  8  0  
 4.0   3.0  52 17 37  -40   0  0  0  
 16.0   11.0  50 21 37  -40   0  0  0  
 6.0   11.0  51 23 37  -40   8  8  0  
 12.0   11.0  51 9 37  -40   0  0  0  
 17.0   16.0  51 6 37  -40   42  8  0  
 21.0   16.0  51 16 37  -40   0  0  0  
 11.0   16.0  51 9 37  -40   16  8  0  
 4.0   5.0  52 6 37  -40   52  11  0  
 10.0   5.0  51 7 37  -40   0  0  0  
 15.0   14.0  46 20 37  -40   110  8  0  
 19.0   14.0  47 25 37  -40   81  8  0  
 13.0   14.0  46 13 37  -40   53  19  0  
 9.0   14.0  46 22 37  -40   83  38  0  
 24.0   19.0  43 11 37  -40   110  8  0  
 18.0   19.0  48 9 37  -40   107  9  0  
 20.0   19.0  48 10 37  -40   69  8  0  
 14.0   19.0  47 9 37  -40   69  17  0  
 6.0   7.0  51 20 37  -40   8  30  0  
 12.0   7.0  51 12 37  -40   51  8  0  
 2.0   7.0  52 22 37  -40   9  32  0  
 8.0   7.0  52 7 37  -40   38  8  0  
 8.0   9.0  48 7 37  -40   48  36  0  
 4.0   9.0  47 21 37  -40   51  14  0  
 10.0   9.0  47 18 37  -40   89  8  0  
 14.0   9.0  47 11 37  -40   69  8  0  
 16.0   21.0  51 12 37  -40   24  16  0  
 22.0   21.0  49 12 37  -40   70  8  0  
 15.0   10.0  51 8 37  -40   121  8  0  
 9.0   10.0  51 10 37  -40   84  47  0  
 5.0   10.0  51 20 37  -40   54  18  0  
 3.0   8.0  50 29 37  -40   19  19  0  
 9.0   8.0  51 24 37  -40   84  30  0  
 7.0   8.0  51 28 37  -40   22  33  0  
 13.0   8.0  51 18 37  -40   46  8  0  
 8.0   9.0  52 7 37  -40   38  28  0  
 4.0   9.0  49 22 37  -40   73  30  0  
 10.0   9.0  51 20 37  -40   135  8  0  
 14.0   9.0  52 12 37  -40   103  8  0  
 23.0   22.0  51 12 37  -40   111  8  0  
 21.0   22.0  50 24 37  -40   97  9  0  
 17.0   22.0  50 5 37  -40   54  16  0  
 18.0   17.0  51 14 37  -40   59  8  0  
 16.0   17.0  51 20 37  -40   24  14  0  
 22.0   17.0  51 16 37  -40   70  8  0  
 12.0   17.0  51 13 37  -40   51  8  0  
 17.0   12.0  51 28 37  -40   0  0  0  
 7.0   12.0  51 25 37  -40   43  8  0  
 13.0   12.0  51 14 37  -40   46  8  0  
 11.0   12.0  51 27 37  -40   38  47  0  
 14.0   15.0  50 7 37  -40   103  33  0  
 10.0   15.0  51 18 37  -40   113  8  0  
 20.0   15.0  49 22 37  -40   111  8  0  
 25.0   24.0  50 17 37  -40   126  8  0  
 19.0   24.0  51 7 37  -40   101  14  0  
 23.0   24.0  50 8 37  -40   111  8  0  
 12.0   13.0  51 18 37  -40   51  11  0  
 14.0   13.0  51 19 37  -40   56  8  0  
 18.0   13.0  50 21 37  -40   79  8  0  
 8.0   13.0  52 26 37  -40   38  8  0  
 24.0   23.0  52 2 37  -40   115  9  0  
 18.0   23.0  51 5 37  -40   47  33  0  
 22.0   23.0  49 26 37  -40   70  21  0  
 24.0   19.0  49 16 37  -40   91  8  0  
 18.0   19.0  51 9 37  -40   47  9  0  
 20.0   19.0  52 11 37  -40   116  8  0  
 14.0   19.0  52 13 37  -40   79  19  0  
 24.0   25.0  52 3 37  -40   115  11  0  
 20.0   25.0  52 5 37  -40   116  14  0  
 2.0   1.0  54 8 37  -40   0  0  0  
 6.0   1.0  55 13 37  -40   0  0  0  
 11.0   6.0  55 3 37  -40   0  0  0  
 7.0   6.0  55 9 37  -40   0  0  0  
 1.0   6.0  54 22 37  -40   0  8  0  
 1.0   2.0  55 29 37  -40   0  8  0  
 3.0   2.0  55 16 37  -40   0  0  0  
 7.0   2.0  54 11 37  -40   0  0  0  
 8.0   3.0  56 5 37  -40   0  0  0  
 2.0   3.0  54 17 37  -40   8  30  0  
 4.0   3.0  56 18 37  -40   0  0  0  
 16.0   11.0  55 25 37  -40   0  0  0  
 6.0   11.0  55 24 37  -40   8  14  0  
 12.0   11.0  55 11 37  -40   0  0  0  
 5.0   4.0  55 19 37  -40   40  8  0  
 3.0   4.0  55 14 37  -40   22  27  0  
 9.0   4.0  55 8 37  -40   66  8  0  
 15.0   20.0  51 8 37  -40   121  8  0  
 25.0   20.0  50 22 37  -40   126  8  0  
 19.0   20.0  51 11 37  -40   86  30  0  
 4.0   5.0  56 6 37  -40   30  9  0  
 10.0   5.0  55 8 37  -40   0  0  0  
 17.0   16.0  55 7 37  -40   79  8  0  
 21.0   16.0  51 16 37  -40   0  0  0  
 11.0   16.0  55 9 37  -40   38  30  0  
 23.0   22.0  55 12 37  -40   64  8  0  
 21.0   22.0  52 25 37  -40   97  9  0  
 17.0   22.0  55 7 37  -40   54  30  0  
 19.0   18.0  50 21 37  -40   81  95  0  
 23.0   18.0  50 23 37  -40   94  12  0  
 13.0   18.0  51 14 37  -40   46  8  0  
 17.0   18.0  51 31 37  -40   54  25  0  
 6.0   7.0  55 22 37  -40   8  30  0  
 12.0   7.0  55 13 37  -40   38  8  0  
 2.0   7.0  52 22 37  -40   9  32  0  
 8.0   7.0  56 8 37  -40   48  8  0  
 15.0   10.0  56 9 37  -40   80  8  0  
 9.0   10.0  55 10 37  -40   66  47  0  
 5.0   10.0  55 22 37  -40   42  11  0  
 17.0   12.0  51 28 37  -40   0  0  0  
 7.0   12.0  55 26 37  -40   17  14  0  
 13.0   12.0  55 16 37  -40   69  8  0  
 11.0   12.0  55 28 37  -40   38  47  0  
 15.0   14.0  51 23 37  -40   121  8  0  
 19.0   14.0  48 25 37  -40   81  8  0  
 13.0   14.0  51 15 37  -40   46  13  0  
 9.0   14.0  51 25 37  -40   83  38  0  
 14.0   15.0  55 10 37  -40   99  33  0  
 10.0   15.0  55 20 37  -40   77  11  0  
 20.0   15.0  55 27 37  -40   103  8  0  
 16.0   21.0  54 12 37  -40   46  16  0  
 22.0   21.0  56 14 37  -40   70  8  0  
 18.0   17.0  55 14 37  -40   78  8  0  
 16.0   17.0  51 20 37  -40   24  14  0  
 22.0   17.0  56 16 37  -40   71  8  0  
 12.0   17.0  55 14 37  -40   71  95  0  
 25.0   24.0  55 19 37  -40   110  8  0  
 19.0   24.0  55 7 37  -40   88  14  0  
 23.0   24.0  55 9 37  -40   74  14  0  
 24.0   23.0  56 3 37  -40   88  9  0  
 18.0   23.0  55 5 37  -40   79  33  0  
 22.0   23.0  55 28 37  -40   71  11  0  
 24.0   25.0  56 3 37  -40   88  9  0  
 20.0   25.0  55 5 37  -40   103  14  0  
 1.0   2.0  59 31 37  -40   0  16  0  
 3.0   2.0  59 16 37  -40   0  0  0  
 7.0   2.0  59 12 37  -40   0  0  0  
 2.0   1.0  60 10 37  -40   0  0  0  
 6.0   1.0  59 13 37  -40   0  0  0  
 3.0   8.0  55 32 37  -40   38  32  0  
 9.0   8.0  55 24 37  -40   66  30  0  
 7.0   8.0  51 28 37  -40   22  33  0  
 13.0   8.0  55 19 37  -40   69  8  0  
 11.0   6.0  59 4 37  -40   0  0  0  
 7.0   6.0  59 9 37  -40   0  0  0  
 1.0   6.0  59 25 37  -40   0  9  0  
 24.0   19.0  55 20 37  -40   88  8  0  
 18.0   19.0  55 9 37  -40   79  9  0  
 20.0   19.0  54 11 37  -40   103  8  0  
 14.0   19.0  55 14 37  -40   99  19  0  
 6.0   7.0  55 22 37  -40   8  30  0  
 12.0   7.0  58 13 37  -40   68  8  0  
 2.0   7.0  59 28 37  -40   16  31  0  
 8.0   7.0  60 9 37  -40   70  8  0  
 8.0   9.0  56 8 37  -40   55  20  0  
 4.0   9.0  56 26 37  -40   52  30  0  
 10.0   9.0  55 22 37  -40   72  8  0  
 14.0   9.0  55 14 37  -40   99  8  0  
 12.0   13.0  54 20 37  -40   71  30  0  
 14.0   13.0  53 20 37  -40   59  8  0  
 18.0   13.0  55 23 37  -40   79  8  0  
 8.0   13.0  56 26 37  -40   48  21  0  
 8.0   3.0  60 5 37  -40   0  0  0  
 2.0   3.0  60 18 37  -40   16  32  0  
 4.0   3.0  59 19 37  -40   0  0  0  
 16.0   11.0  59 28 37  -40   0  0  0  
 6.0   11.0  56 24 37  -40   8  8  0  
 12.0   11.0  58 12 37  -40   0  0  0  
 17.0   16.0  59 7 37  -40   54  8  0  
 21.0   16.0  57 21 37  -40   0  0  0  
 11.0   16.0  59 9 37  -40   40  33  0  
 18.0   17.0  56 14 37  -40   96  8  0  
 16.0   17.0  60 25 37  -40   71  21  0  
 22.0   17.0  58 16 37  -40   87  8  0  
 12.0   17.0  59 16 37  -40   83  95  0  
 19.0   18.0  54 22 37  -40   81  95  0  
 23.0   18.0  55 27 37  -40   91  12  0  
 13.0   18.0  55 16 37  -40   69  32  0  
 17.0   18.0  53 32 37  -42   54  25  0  
 15.0   14.0  55 24 37  -40   121  8  0  
 19.0   14.0  55 29 37  -40   88  8  0  
 13.0   14.0  55 16 37  -40   69  14  0  
 9.0   14.0  55 26 37  -40   66  38  0  
 3.0   8.0  55 32 37  -40   38  32  0  
 9.0   8.0  59 26 37  -40   75  30  0  
 7.0   8.0  58 33 37  -40   47  37  0  
 13.0   8.0  59 20 37  -40   102  8  0  
 15.0   20.0  55 8 37  -40   121  8  0  
 25.0   20.0  55 25 37  -40   126  8  0  
 19.0   20.0  55 11 37  -40   79  24  0  
 25.0   24.0  59 19 37  -40   97  8  0  
 19.0   24.0  59 8 37  -40   90  14  0  
 23.0   24.0  59 10 37  -40   82  9  0  
 16.0   21.0  60 13 37  -40   73  30  0  
 22.0   21.0  59 14 37  -40   111  8  0  
 23.0   22.0  59 13 37  -40   95  8  0  
 21.0   22.0  57 29 37  -40   57  8  0  
 17.0   22.0  59 8 37  -40   98  30  0  
 4.0   5.0  59 6 37  -40   54  24  0  
 10.0   5.0  57 8 37  -40   0  0  0  
 24.0   23.0  60 3 37  -40   91  9  0  
 18.0   23.0  60 5 37  -40   104  33  0  
 22.0   23.0  59 29 37  -40   87  8  0  
 15.0   10.0  60 11 37  -40   99  8  0  
 9.0   10.0  59 11 37  -40   75  47  0  
 5.0   10.0  59 23 37  -40   78  8  0  
 14.0   15.0  59 11 37  -40   113  33  0  
 10.0   15.0  59 23 37  -40   86  12  0  
 20.0   15.0  55 27 37  -40   103  8  0  
 24.0   19.0  59 22 37  -40   88  8  0  
 18.0   19.0  60 10 37  -40   104  8  0  
 20.0   19.0  59 14 37  -40   103  8  0  
 14.0   19.0  59 14 37  -40   113  19  0  
 15.0   20.0  58 8 37  -40   121  8  0  
 25.0   20.0  59 25 37  -40   126  8  0  
 19.0   20.0  59 12 37  -40   90  21  0  
 1.0   2.0  62 32 37  -40   0  8  0  
 3.0   2.0  63 17 37  -40   0  0  0  
 7.0   2.0  63 13 37  -40   0  0  0  
 2.0   1.0  64 10 37  -40   0  0  0  
 6.0   1.0  63 14 37  -40   0  0  0  
 11.0   6.0  63 4 37  -40   0  0  0  
 7.0   6.0  63 10 37  -40   0  0  0  
 1.0   6.0  59 25 37  -40   0  9  0  
 8.0   9.0  59 8 37  -40   51  15  0  
 4.0   9.0  56 26 37  -40   52  30  0  
 10.0   9.0  59 23 37  -40   87  8  0  
 14.0   9.0  58 15 37  -40   83  8  0  
 8.0   3.0  63 5 37  -40   0  0  0  
 2.0   3.0  64 19 37  -40   8  8  0  
 4.0   3.0  62 20 37  -40   0  0  0  
 19.0   18.0  59 24 37  -40   90  95  0  
 23.0   18.0  59 29 37  -40   95  9  0  
 13.0   18.0  58 16 37  -40   102  29  0  
 17.0   18.0  56 34 37  -40   98  17  0  
 16.0   11.0  62 29 37  -40   0  0  0  
 6.0   11.0  63 29 37  -40   8  8  0  
 12.0   11.0  63 14 37  -40   0  0  0  
 12.0   13.0  58 21 37  -40   68  30  0  
 14.0   13.0  58 23 37  -40   100  8  0  
 18.0   13.0  59 25 37  -40   101  8  0  
 8.0   13.0  57 26 37  -40   70  32  0  
 5.0   4.0  63 20 37  -40   103  8  0  
 3.0   4.0  63 16 37  -40   39  38  0  
 9.0   4.0  63 8 37  -40   89  8  0  
 15.0   10.0  64 11 37  -40   127  8  0  
 9.0   10.0  63 11 37  -40   89  47  0  
 5.0   10.0  63 26 37  -40   103  8  0  
 15.0   14.0  58 24 37  -40   121  8  0  
 19.0   14.0  59 30 37  -40   90  8  0  
 13.0   14.0  59 16 37  -40   102  32  0  
 9.0   14.0  59 28 37  -40   75  38  0  
 4.0   5.0  63 6 37  -40   77  26  0  
 10.0   5.0  63 10 37  -40   0  0  0  
 3.0   8.0  63 36 37  -40   33  33  0  
 9.0   8.0  63 26 37  -40   96  30  0  
 7.0   8.0  63 35 37  -40   29  37  0  
 13.0   8.0  63 21 37  -40   75  8  0  
 8.0   9.0  63 9 37  -40   71  18  0  
 4.0   9.0  63 31 37  -40   80  30  0  
 10.0   9.0  63 24 37  -40   112  8  0  
 14.0   9.0  63 17 37  -40   119  8  0  
 17.0   16.0  63 7 37  -40   100  8  0  
 21.0   16.0  62 24 37  -40   0  0  0  
 11.0   16.0  63 9 37  -40   16  9  0  
 6.0   7.0  62 26 37  -40   8  36  0  
 12.0   7.0  62 14 37  -40   54  8  0  
 2.0   7.0  63 29 37  -40   16  31  0  
 8.0   7.0  63 9 37  -40   70  8  0  
 23.0   22.0  63 13 37  -40   99  8  0  
 21.0   22.0  62 31 37  -40   98  18  0  
 17.0   22.0  63 9 37  -40   100  30  0  
 16.0   21.0  64 13 37  -40   25  18  0  
 22.0   21.0  62 15 37  -40   63  8  0  
 18.0   17.0  62 18 37  -40   109  8  0  
 16.0   17.0  64 26 37  -40   25  14  0  
 22.0   17.0  63 17 37  -40   133  8  0  
 12.0   17.0  64 17 37  -40   59  95  0  
 19.0   18.0  63 26 37  -40   77  95  0  
 23.0   18.0  62 29 37  -40   112  30  0  
 13.0   18.0  63 19 37  -40   75  29  0  
 17.0   18.0  63 38 37  -40   100  13  0  
 17.0   12.0  63 36 37  -40   100  8  0  
 7.0   12.0  63 29 37  -40   38  21  0  
 13.0   12.0  63 18 37  -40   75  8  0  
 11.0   12.0  63 32 37  -40   38  47  0  
 12.0   13.0  63 23 37  -40   54  21  0  
 14.0   13.0  62 24 37  -40   119  8  0  
 18.0   13.0  59 25 37  -40   101  8  0  
 8.0   13.0  61 29 37  -40   78  33  0  
 2.0   1.0  67 11 37  -40   0  0  0  
 6.0   1.0  68 14 37  -40   0  0  0  
 1.0   2.0  67 35 37  -40   0  8  0  
 3.0   2.0  67 18 37  -40   0  0  0  
 7.0   2.0  67 14 37  -40   0  0  0  
 8.0   3.0  68 5 37  -40   0  0  0  
 2.0   3.0  67 20 37  -40   8  8  0  
 4.0   3.0  68 24 37  -40   0  0  0  
 11.0   6.0  67 5 37  -40   0  0  0  
 7.0   6.0  67 12 37  -40   0  0  0  
 1.0   6.0  67 32 37  -40   0  9  0  
 16.0   11.0  67 31 37  -40   0  0  0  
 6.0   11.0  67 31 37  -40   8  33  0  
 12.0   11.0  67 15 37  -40   0  0  0  
 6.0   7.0  67 28 37  -40   8  33  0  
 12.0   7.0  67 17 37  -40   69  8  0  
 2.0   7.0  67 31 37  -40   16  31  0  
 8.0   7.0  68 9 37  -40   42  8  0  
 5.0   4.0  67 21 37  -40   61  8  0  
 3.0   4.0  66 17 37  -40   16  14  0  
 9.0   4.0  67 8 37  -40   89  8  0  
 3.0   8.0  65 37 37  -40   16  26  0  
 9.0   8.0  64 26 37  -40   89  30  0  
 7.0   8.0  66 35 37  -40   46  37  0  
 13.0   8.0  67 22 37  -40   80  8  0  
 4.0   5.0  68 6 37  -40   36  18  0  
 10.0   5.0  68 10 37  -40   0  0  0  
 15.0   10.0  67 11 37  -40   104  8  0  
 9.0   10.0  67 11 37  -40   89  47  0  
 5.0   10.0  67 29 37  -40   103  8  0  
 8.0   9.0  68 10 37  -40   34  29  0  
 4.0   9.0  68 31 37  -40   80  30  0  
 10.0   9.0  68 25 37  -40   111  8  0  
 14.0   9.0  66 17 37  -40   119  8  0  
 24.0   19.0  64 25 37  -40   107  8  0  
 18.0   19.0  64 10 37  -40   66  11  0  
 20.0   19.0  63 15 37  -40   119  8  0  
 14.0   19.0  63 14 37  -40   119  19  0  
 17.0   12.0  66 37 37  -40   76  8  0  
 7.0   12.0  66 30 37  -40   43  26  0  
 13.0   12.0  66 19 37  -40   80  8  0  
 11.0   12.0  66 34 37  -40   38  47  0  
 24.0   23.0  65 3 37  -40   105  8  0  
 18.0   23.0  68 5 37  -40   100  30  0  
 22.0   23.0  68 34 37  -40   101  9  0  
 12.0   13.0  67 26 37  -40   59  19  0  
 14.0   13.0  64 25 37  -40   119  8  0  
 18.0   13.0  67 32 37  -40   110  8  0  
 8.0   13.0  68 33 37  -40   71  33  0  
 15.0   14.0  63 26 37  -40   111  8  0  
 19.0   14.0  63 33 37  -40   90  8  0  
 13.0   14.0  63 18 37  -40   75  32  0  
 9.0   14.0  62 28 37  -40   109  26  0  
 24.0   25.0  64 3 37  -40   107  9  0  
 20.0   25.0  63 5 37  -40   119  14  0  
 19.0   18.0  67 28 37  -40   136  95  0  
 23.0   18.0  65 31 37  -40   88  30  0  
 13.0   18.0  67 20 37  -40   80  29  0  
 17.0   18.0  66 39 37  -40   102  8  0  
 24.0   19.0  68 25 37  -40   78  8  0  
 18.0   19.0  68 11 37  -40   100  19  0  
 20.0   19.0  67 17 37  -40   106  8  0  
 14.0   19.0  67 14 37  -40   112  19  0  
 15.0   20.0  66 9 37  -40   117  8  0  
 25.0   20.0  59 25 37  -40   126  8  0  
 19.0   20.0  66 13 37  -40   92  11  0  
 1.0   2.0  71 35 37  -40   0  8  0  
 3.0   2.0  71 18 37  -40   0  0  0  
 7.0   2.0  70 15 37  -40   0  0  0  
 2.0   1.0  71 12 37  -40   0  0  0  
 6.0   1.0  71 14 37  -40   0  0  0  
 8.0   3.0  72 5 37  -40   0  0  0  
 2.0   3.0  71 22 37  -40   8  8  0  
 4.0   3.0  72 25 37  -40   0  0  0  
 5.0   4.0  71 23 37  -40   43  8  0  
 3.0   4.0  71 20 37  -40   16  11  0  
 9.0   4.0  71 8 37  -40   51  8  0  
 3.0   8.0  65 37 37  -40   16  26  0  
 9.0   8.0  71 29 37  -40   51  30  0  
 7.0   8.0  70 38 37  -40   46  37  0  
 13.0   8.0  70 23 37  -40   78  8  0  
 11.0   6.0  70 5 37  -40   0  0  0  
 7.0   6.0  70 13 37  -40   0  0  0  
 1.0   6.0  70 32 37  -40   0  10  0  
 17.0   16.0  67 9 37  -40   102  8  0  
 21.0   16.0  62 24 37  -40   0  0  0  
 11.0   16.0  64 9 37  -40   16  8  0  
 23.0   22.0  67 14 37  -40   110  8  0  
 21.0   22.0  67 34 37  -40   87  14  0  
 17.0   22.0  67 9 37  -40   102  16  0  
 4.0   5.0  71 6 37  -40   29  14  0  
 10.0   5.0  70 10 37  -40   0  0  0  
 15.0   10.0  72 13 37  -40   124  8  0  
 9.0   10.0  71 12 37  -40   51  47  0  
 5.0   10.0  69 29 37  -40   44  8  0  
 14.0   15.0  71 13 37  -40   77  33  0  
 10.0   15.0  69 23 37  -40   111  13  0  
 20.0   15.0  69 38 37  -40   103  8  0  
 6.0   7.0  71 29 37  -40   8  14  0  
 12.0   7.0  71 19 37  -40   40  8  0  
 2.0   7.0  71 32 37  -40   16  31  0  
 8.0   7.0  72 9 37  -40   42  8  0  
 17.0   12.0  70 38 37  -40   112  8  0  
 7.0   12.0  72 35 37  -40   22  14  0  
 13.0   12.0  71 22 37  -40   77  8  0  
 11.0   12.0  71 37 37  -40   38  47  0  
 16.0   21.0  67 13 37  -40   70  32  0  
 22.0   21.0  68 18 37  -40   101  8  0  
 15.0   20.0  71 12 37  -40   63  8  0  
 25.0   20.0  69 34 37  -40   117  8  0  
 19.0   20.0  69 14 37  -40   92  11  0  
 19.0   18.0  71 30 37  -40   121  95  0  
 23.0   18.0  71 34 37  -40   108  21  0  
 13.0   18.0  71 21 37  -40   77  11  0  
 17.0   18.0  71 41 37  -40   112  30  0  
 16.0   11.0  71 33 37  -40   0  0  0  
 6.0   11.0  69 31 37  -40   8  32  0  
 12.0   11.0  71 15 37  -40   0  0  0  
 25.0   24.0  63 21 37  -40   113  8  0  
 19.0   24.0  63 11 37  -40   113  11  0  
 23.0   24.0  63 10 37  -40   99  8  0  
 25.0   24.0  71 25 37  -40   124  8  0  
 19.0   24.0  71 12 37  -40   113  11  0  
 23.0   24.0  71 12 37  -40   110  8  0  
 8.0   9.0  72 11 37  -40   30  21  0  
 4.0   9.0  71 31 37  -40   80  30  0  
 10.0   9.0  70 26 37  -40   51  8  0  
 14.0   9.0  71 20 37  -40   77  8  0  
 15.0   14.0  71 31 37  -40   63  8  0  
 19.0   14.0  69 35 37  -40   90  8  0  
 13.0   14.0  71 20 37  -40   77  32  0  
 9.0   14.0  71 34 37  -40   51  26  0  
 15.0   20.0  63 9 37  -40   127  8  0  
 25.0   20.0  59 25 37  -40   126  8  0  
 19.0   20.0  63 13 37  -40   77  19  0  
 12.0   13.0  71 27 37  -40   68  9  0  
 14.0   13.0  69 28 37  -40   112  8  0  
 18.0   13.0  70 34 37  -40   72  8  0  
 8.0   13.0  72 33 37  -40   71  33  0  
 24.0   19.0  72 25 37  -40   118  8  0  
 18.0   19.0  70 11 37  -40   72  21  0  
 20.0   19.0  72 17 37  -40   71  8  0  
 14.0   19.0  71 14 37  -40   120  19  0  
 1.0   2.0  74 36 37  -40   0  8  0  
 3.0   2.0  74 18 37  -40   0  0  0  
 7.0   2.0  74 16 37  -40   0  0  0  
 2.0   1.0  75 13 37  -40   0  0  0  
 6.0   1.0  75 14 37  -40   0  0  0  
 11.0   6.0  75 6 37  -40   0  0  0  
 7.0   6.0  75 14 37  -40   0  0  0  
 1.0   6.0  74 33 37  -40   0  8  0  
 6.0   7.0  75 30 37  -40   8  14  0  
 12.0   7.0  75 19 37  -40   47  8  0  
 2.0   7.0  75 34 37  -40   16  31  0  
 8.0   7.0  76 10 37  -40   42  8  0  
 